A=[1 1 -3 -1;3 -1 -3 4;1 5 -9 -8];
B=[1 4 0]';
X=A\B