%FileName = LX0702.m
X= [2 3 4 5; 1 2 2 1]; 
Y= [0 1 1; 1 1 0; 0 0 1; 1 0 0]; 
Z= X*Y